
8197408317
609204950
8017007171
2121923297
8152825449
2121923297
42223388
1405819549
4022471154
7291176477
267715498
428701236
3664104581
5582093977
2238217984
3664104581
1930776547
1423901005
783097115
391177364
7410244054
741986285
7328791058
1703931943
50270600
8034937476
536925537
8006017076
7687552543
8189778178
2348560632
329584860
8194655644
374086575
2391810921
3450375091
268032614
8169021180
2133884047
3230874897
4073675688
8181368994
5425801969
7246695667
986627194
4083077575
5922660297
1689353752
4616249062
5744891670
18303949
6210858370
1531940841
986627194
4177590194
4177590194
8180663027
3230874897
1540746144
766052362
326011331
2042374541
3670359386
8147412675
1760237653
2042374541
6126203257
11434906
38504921
5911992340
7931933547
45405019
5353294795
7131702957
207579131
672418443
20004482
3280298961
1985821782
3970748907
4551870599
4551870599
35461840
4660158453
8035196902
3009134480
4551870599
3954001303
2915314982
4106890705
4551870599
35461840
3142168199
4660158453
4551870599
184862492
4660158453
4551870599
1185623849
602763688
4470219243
208232333
1915144127
428868713
7230880787
2091003742
7478458672