users
298160844
298160844
328317782
6968609067
9214268282
10940489976
9214268282
10898068854
11346371242
5322695837
10949757709
7960524463
7099777041
10949757709
4373478866
1767322857
1515816369
1515816369
7367014108
9651414373
1515816369
5732720559
6015000265
1038769858
1183672418
7290189505
1945538483
1685607112
11077841692
7131301256
2189218743
11203495015
3988559293
6660262332
20048269
1691959758
6660262332
6975792544
4993311305
39460648
39460648
209183154
4056100078
1042660024
1721311592
209183154
11188366910
667172923
2013648186
6932837751
6932837751
6932837751
6947761891
2765825280
1799916737
8549923356
8679491830
10485922556
8679491830
6885760771
8679491830
3293884819
1450832439
4028135033
1721253279
4431591125
11408402466
2259941901
8194204067
5528549155
226988211
11232270257
4593983035
4593983035
3686027375
4108181075
4593983035
1226573
5838221138
2999909976
4388453572
6003652699
4169365
8412019955
571879652
1941308306
6272202038
653502793
5460321046
316281286
1024119984
1024119984
11232270257
7233063427
386936322
1024119984
1024119984
1024119984
609006903
571879652
211504432
6894257135
549047090
8670126014
6290325584
2205061744
3414417325
1024119984
11232270257
8071338053
6573027805
1508134841
4185787877
2111723365
6917785559
22320253
1594050139
1024119984
6463143784
8654927107
5796607304
6240033839
679603319
7907023272
1024119984
7657277427
658314484
10949757709
2061661993
10949757709
5562963803
460203622
11141265077
3545351361
11141265077
6894257135
197098638
11041700402
3273163470
6258857406
1228668972
1024119984
10833125240
22590770
275178025
4106583888
1575899945
39516632
5724863159
444438275
7980612221
5401025413
398937853
9309432321
203809205
9384832770
9381433134
9274226744
9643063856
6885760771
1171273080
641997870
9643063856
4884211060
55971006
1397210323
3282162
570546138
7145996584
1024119984
4583548781
11396155082
3246248079
8362080974
487525920
4182263829
262799366
10954173830
4179087502
7080671588
523756127
9401939186
6436275750
9061031844
2369964704
11395826192
310869480
9611300813
5654343509
7715988059
11213810390
224598544
4364103168
7715988059
9611300813
8730086164
9173056100
1635104921
1698150704
3500291908
10661526328
2046855400
1104264483
1104264483
1104264483
2165461431
3530426121
1104264483
1104264483
1386335000
11229232254
5553580896
11532664762
6642746849
11532664762
6642746849
5543453686
1547561302
11290793659
1947336164
1653639156
208072370
259721179
287996683
247709806
3289968266
3289968266
3289968266
1547561302
11229232254
1547561302
11290793659
36457923
5356499639
5551803597
11290793659
11290793659
1901871376
1901871376
1901871376
11229232254
793914988
6027548291
11229232254
1652198668
1516724074
13914656
6783333708
208072370
5356499639
11183013494
6918454816
4088829037
11230441427
294897150
6730101488
5685887391
4470475531
6869956260
2128426029
2038981276
1350050699
8178601016
1180802966
8465157660
1480066122
1322092364
1431670605
2088752042
1455360775
8208768027
462962082
10913964786
5867667431
8435211472
5767727853
1418429505
1462083105
1636540803
6695795139
1915486102
23810796
8087163199
4239438370
2345337415
5980467163
2112432631
2151095742
3463568801
3995293590
1305358411
7862908517
1915486102
23810796
846763125
3960558751
4497181319
4387491565
323486936
1468758882
299654154
8466876874
6242471342
10711047416
280592293
1473802011
3618520705
2595303539
4352133350
5328134771
9765377906
10617254075
11195362857
567064956
5398668967
2193733065
11172582113
472266417
4011842615
1915486102
23810796
7461718908
1676683234
355380700
2917560844
7966871909
232096476
1937825720
1820723224
5380693271
54421247
3878081544
3932310701
6287117663
31725716
8921943440
9613247771
1683824635
8625940385
2186192377
10961079269
9658822289
8655488206
297379389
7238591788
10911262707
4273301435
8058256394
187297209
243275039
1508850062
3530184525
17091677
6252210252
2225637818
3041742425
7210852242
8666796237
6031321226
9310538463
1407992205
7163777
1552592927
2159558869
818112634
2982252794
7063439205
6236449153
2307837746
1110317432
178754708
195258102
6983133369
8072671905
9929153046
4232785235
9298561921
8319671299
10603835554
264199624
9950765928
2056197
11285666212
10425364926
7219621921
185186268
2848101103
437373781
7489199351
2217892236
223377873
5196526647
7760876834
11311337405
436613822
25173353
215594442
9006068130
9166629499
9966376649
2275398720
5679184300
2260909917
4139078005
11409688341
212371698
6036300739
1985775777
4291390749
371897114
8505714909
7203383438
7203383438
5769241791
1321553262
23862480
6210052124
1985775777
5769241791
884444148
282642858
191698583
3056217276
9239747614
8339654293
3279798160
4784359396
274035965
318815517
8413723379
3279798160
1449387625
5196526647
3132121524
2459574670
1978217624
981208010
1713595786
500255746
234413600
44007340
546464523
241601034
2011382291
5560184062
1354212775
11311895125
4355290945
8724266066
245817973
1449387625
616785865
8724266066
3630067632
2223104773
8779827024
8724266066
226902466
202716728
335998086
1559746165
179035287
3731990629
1247976892
1394007652
3731990629
8688691050
4353510266
5578244209
8479639758
3731990629
9425992414
8479639758
3731990629
2618753418
4109679409
242896235
3267872188
1595530551
6026983500
206929113
5861095814
245817973
5797013935
15587732
251025628
4677457835
3888548345
599840912
402165470
8740139908
245817973
245817973
340217283
5554931003
245817973
11328469767
18265909
230036552
2355104851
1465137011
201238824
12520165
9206073151
6655624122
1948336695
245817973
10425364926
8354438808
3110001352
199583087
3264161532
1901797659
1516634561
239053436
959855560
8018610627
8929420011
32137613
1092364069
177368659
2304346148
2225637818
10652650296
25777734
4038081273
11040326417
2278036470
7173724807
8005813787
1510777019
2242586931
6227873199
8921943440
2225637818
6110177998
297379389
1167069423
4581635767
4581635767
4581635767
8806490
243275039
4236976281
9949245104
8929420011
2281950989
22595574
4008180339
4539293586
9701092
1394623112
7625083696
3954643501
11112023063
4038081273
8730520907
8730520907
10693807356
2206538689
1508629724
4706908130
6256910084
8149676481
184396591
3914760753
3223850368
1729374505
3500781701
4005837386
6351213549
1592201301
6756493362
6586550724
8655633990
3941080353
326910965
1303612049
4792126771
9366420342
5470374370
6462142513
5731113981
7776407401
1402122281
1298887952
1334736270
10870837286
2064721088
178449301
1508563822
1428907109
7289701736
1475667768
44562473
11682721
1963265660
2875101457
5404077640
3914697456
5640037472
7119223072
47608623
2305623631
5583062434
3172164628
4566665716
7276985549
7925357102
3246040501
3261973531
7645461049
8127928123
3138191941
277189163
10565557027
326910965
2237080727
682516578
11203890075
702437473
2175794171
32229582
324430128
5354410148
647813522
219157423
261356384
3463568801
4566665716
2128301507
7776407401
1977108686
4563428999
4066420864
1152355604
8665241137
45606407
45606407
6180211859
6180211859
5577476612
5577476612
3240970
3240970
7761420
7761420
4629700111
4629700111
201012766
201012766
1568130593
1568130593
836714530
836714530
728982056
728982056
582791216
582791216
223640625
223640625
1540741169
1540741169
4346881586
4346881586
321882169
321882169
254336062
254336062
10425027646
10425027646
5474870334
5474870334
22376005
22376005
9635795013
9635795013
2095563845
2095563845
1144455259
1144455259
2361485407
2361485407
1999247453
1999247453
2031878240
2031878240
5722603629
5722603629
7201937520
7201937520
219805808
219805808
8221919351
8221919351
9209249918
9209249918
6238369923
6238369923
413300873
413300873
4831035536
4831035536
6679347352
6679347352
1388976285
1388976285
583262368
583262368
2189805735
2189805735
7484971176
7484971176
1646260400
1646260400
18542769
18542769
173781173
173781173
1507238069
1507238069
4869228728
4869228728
211759290
1453154494
1453154494
272246987
272246987
1464307919
1464307919
9142341844
9142341844
291858649
291858649
997441752
997441752
1926734043
1926734043
607695069
607695069
6599145694
6599145694
1794638048
1794638048
3209412829
3209412829
325593317
325593317
7234275558
7234275558
4004530408
4004530408
2363865321
2363865321
15050987
15050987
7332092140
1477218541
1477218541
4935569648
4935569648
187631857
187631857
1069779187
1069779187
480841973
480841973
256487674
256487674
4523923707
4523923707
3930724603
3930724603
1088463097
1088463097
1782284541
1782284541
8083538176
8083538176
8945412355
8945412355
2955527
2955527
1391028490
1391028490
258400527
258400527
6224621844
6224621844
6655525144
6655525144
228116760
228116760
477772062
477772062
1838434591
1838434591
473796894
473796894
3279964453
3279964453
4027498790
1473890602
1473890602
4349038893
4349038893
4377063730
4377063730
3233413431
3233413431
350261562
350261562
33577275
33577275
1280383296
1280383296
574914885
574914885
7264897350
7264897350
1527537992
1527537992
4066838859
4066838859
6794342741
6794342741
213524826
213524826
19878237
19878237
36278623
36278623
1394796898
1394796898
30906724
30906724
610279783
610279783
3454601578
4770333037
4770333037
2886410605
1030025587
18983283
18983283
295203189
295203189
9400267127
9400267127
687217031
687217031
247257480
247257480
773378448
773378448
5791457680
975337876
975337876
10901633430
10901633430
2541224348
2541224348
281418150
281418150
2188601771
2188601771
6816362930
6816362930
283648440
283648440
188170682
188170682
1400418749
1940738495
1940738495
11153654211
432183750
432183750
384031176
384031176
3066198473
3066198473
1337059792
1337059792
2036863442
2036863442
273713624
273713624
5491671515
5491671515
28994026
28994026
189716975
189716975
173996528
173996528
2429262318
2429262318
6318756335
6318756335
598399475
598399475
3610448376
3610448376
19743227
19743227
8091369980
8091369980
5774479871
5774479871
1095227905
2200283649
2200283649
10141047301
10141047301
1303550485
1303550485
1682235929
5945135644
5945135644
5410847266
5410847266
2253214248
2253214248
605200938
605200938
1564625455
1564625455
4542165555
4219578933
4219578933
222960182
222960182
1016934967
1016934967
733975096
733975096
1024451138
1024451138
3278742098
3278742098
196039249
196039249
225370705
225370705
2011064921
2011064921
241250904
241250904
1786372710
1786372710
5964911207
5964911207
1073801830
1073801830
2004445799
2004445799
1596512876
1596512876
1753662059
1753662059
320107117
320107117
1704346227
1704346227
1436996213
1436996213
353845881
353845881
8179989113
8179989113
6033398394
6033398394
4530107009
4530107009
345963137
345963137
18702981
18702981
6879210120
6879210120
5506671246
5506671246
1512323732
1512323732
285565591
285565591
1792912027
1792912027
19858078
19858078
3501859495
3501859495
4055823016
4055823016
21807784
21807784
780614315
780614315
7088815
7088815
1222202039
1222202039
1533577921
1533577921
3038161614
3038161614
1756351184
1756351184
1277035219
1277035219
822590163
822590163
462195414
462195414
197767901
197767901
301251295
301251295
182020832
182020832
7074573025
7074573025
377832162
377832162
211198694
211198694
443538154
443538154
144749290
144749290
3539077871
3539077871
5893309172
5893309172
5652577013
5652577013
1527536389
1527536389
1834556165
1834556165
1956643594
1956643594
352545548
352545548
476549903
476549903
1548804883
1548804883
2719922963
2719922963
216830741
216830741
1093088023
1093088023
1997355801
1997355801
3298691875
3298691875
396958501
396958501
7166159653
7166159653
180187946
180187946
182080302
182080302
1586322228
1586322228
10463933235
10463933235
4365368115
4365368115
1556677435
1556677435
267563841
267563841
30806850
30806850
6259520
6259520
836653894
836653894
2077905738
970742602
970742602
1635863373
1635863373
306625359
306625359
4925039442
4925039442
5924191059
5924191059
317432661
317432661
4777446241
4777446241
7383843683
7383843683
5630849894
5630849894
3610164070
3610164070
1753774953
1753774953
10714801002
10714801002
22907756
22907756
1366305651
1366305651
1028899701
1028899701
1761457017
1761457017
302560126
302560126
2037695359
2037695359
4045753220
4045753220
10622139269
10622139269
1716796303
1716796303
274705298
274705298
1776491415
1776491415
1541249945
1541249945
5343353751
7159528349
1903266719
3852477344
3852477344
800955308
800955308
505242551
505242551
10689084354
6181688261
6181688261
3999714248
3999714248
2109010897
2109010897
3102936019
3102936019
352432004
429613057
263430149
356548194
11367196100
5604968505
4443871610
5891045248
429613057
10193643686
1024119984
1417394962
2116925439
429613057
733665188
9228597011
10026619101
19100029
429613057
10128247480
3526139512
196114643
429613057
8081644912
8151492261
3924800428
11395690265
2682098386
2167072465
8488412705
550919446
1533980080
5418092643
23118684
326600369
856614761
7422135143
1451038334
7363256096
242372179
2224118548
7340310001
179350299
233190955
455415511
15240940
2354606103
8200424944
6358895872
5382718163
3559946412
1666391477
1640052805
3256057995
4073017372
3673129510
6019529867
631224979
239567083
808594748
11421825486
290016791
285266036
1278778032
239567083
5621000113
394993723
6486070572
6218758226
841227561
4332655569
7658674823
4167583618
8080966979
10593261446
280078425
10863548315
8080966979
42600233
262070659
3961477230
1499133694
10162211423
6712049503
12698789
10813151565
146207158
6071056384
8537486182
296821592
2988306660
5100488743
10362150673
4882741786
9182353474
2163875933
6957211736
47161105
2289212967
3786499031
9523345709
205817701
39970526
787516902
190468381
4014473425
3768516617
5578296551
348246603
429155
4522994787
8705964371
11143830372
1641212519
1242791891
1004059016
443001206
1641212519
41681967
1473702785
42544874
203461064
52219188
2140230061
11280188402
239514198
326947303
44799071
1980840763
4976072521
9242560526
4867950015
224406977
1689555247
7853849868
1452059381
498414289
250974685
4343932906
9869712961
30336716
2108278
3040533707
1553277637
7309796477
937036572
558256455
1274937515
9269123641
422961359
4360979337
8170995572
1200987338
3318389763
3574015083
2302835823
3192557708
7707209732
773783589
1249086808
251738962
5581231225
9242560526
4867950015
9033405403
1096285187
9242560526
4867950015
3557139070
6205626720
477507089
47161105
2582501815
47161105
6473806013
6907764328
4257540927
10264075630
270806801
477507089
1623309062
4114341416
2050601335
6626718127
6931627953
10259418027
214655263
3861723631
284492455
10857908726
28492309
1368712953
475402833
6931627953
9248875595
6725817618
203500032
7182555749
4144571537
10596295375
3034019699
185947817
53309188
6908065957
1577898626
10259418027
10863548315
1563712731
229263790
3542186649
9054277147
10259418027
547250363
1583303145
3690977989
7211080573
7986467954
1664176936
303865063
11099829
6179641514
225137341
4344124134
427352687
1933317612
1465255533
2030110097
241854255
10657660432
5541557404
582873048
10949757709
1927266133
1927266133
8075361034
1927266133
4214253270
1927266133
300990176
227278793
3123838549
1927266133
9674428004
3031033717
1718472764
234939685
11135845664
205523668
269553395
733665188
1379342204
321882169
1270419187
9611300813
243101985
1104264483
1104264483
3526139512
6180021406
1547614033
1104264483
1104264483
1104264483
2868210916
208536408
4350670285
516241077
1439897275
502255079
502255079
502255079
268860080
502255079
423235503
2765825280
2765825280
2765825280
1586595800
3051352466
5320640717
241854255
2286738362
8315467287
8315467287
8315467287
2032044269
8315467287
8315467287
8315467287
6441725726
535110008
7495409319
7093248100
7093248100
7093248100
8338294191
1566275256
7093248100
7093248100
7093248100
7093248100
7093248100
7646303396
269553395
193629037
8963837225
7093248100
7580272106
5545878887
5552073465
6783333708
6642746849
1429104346
2074232546
1720604231
11229232254
9510212700
54704343
5388916510
11229232254
6642746849
3233582617
533196803
11229232254
146246858
1547561302
54704343
1380762645
11290793659
3639707671
5881622890
5470273638
5470273638
1481505343
5545878887
11229232254
11290793659
1386335000
11229232254
5356499639
5553580896
11532664762
6642746849
11532664762
6642746849
5543453686
1547561302
11290793659
39470896
39470896
1947336164
1653639156
44450520
208072370
5356499639
259721179
287996683
247709806
3289968266
3289968266
3289968266
1547561302
11229232254
1547561302
11290793659
36457923
5356499639
5551803597
11290793659
11290793659
1901871376
1901871376
1901871376
11229232254
793914988
6027548291
2213490882
9188260007
3444058116
5319846451
1324218779
1362314131
7680736702
1612340077
3934070528
513056269
5319846451
7471194874
338044377
182778601
1411615637
1998888630
976888428
1785341917
8647553653
2260737834
6955737352
4292222313
370812619
11363654388
2429307792
1430240877
2287790640
5551218685
3879998
10370469999
206618213
6714674065
11185974990
680521274
1933099859
5637008113
285822089
6117674203
4955120875
45938360
7556750112
967630798
10983191245
8893700327
8893700327
4577582451
1401481990
11109043603
451266321
6162703241
1327013304
2159573351
1432512907
7088333716
250889715
278346570
414743914
3642701077
6878745719
10853661034
4185751739
12602077
2211556099
5356790533
3015659798
9770947983
461928901
1467991026
1625622364
1062071932
53739319
8567176641
595872004
478728291
1413787151
1413787151
8581122766
5785291837
5785291837
5785291837
1433671609
3752192643
6087204929
10477369975
6087204929
3818485361
4456047821
37684651
208850504
10265212647
11360480983
3194459152
2271614059
2066518398
11360480983
3421442408
4555296096
1642258265
1138054322
2961559957
5778186650
4975561442
11225368482
3632876124
3308847448
2182544597
11229507068
2090563004
1151912192
2161231288
2138536680
5319846451
277188079
8523694864
7214579234
1420484779
5319846451
5319846451
1546716503
1389841238
5484608659
8578271365
2287790640
10370469999
206618213
6714674065
4068798826
7556750112
1572438559
1950884578
862202853
9034716261
7556750112
11434362422
7516715
272111800
5584445859
2182544597
228177861
383172796
8789875630
9037740648
6358895872
2954984196
3458837375
8886974101
4849130518
4146037401
185327910
2036032361
1953100510
1950642948
647221928
16377820
4146037401
1475823891
2490868347
2119082963
11466522
465354675
20341420
11396819235
1418291050
2182544597
6647215075
989208696
182929262
1564735480
2263163283
8888918278
2200482256
6966524004
322630655
2242670854
9512861719
1095367515
1652027234
7185418857
9020134440
7948376
8699165099
5661959710
9047405211
1429171428
2163795780
6142619680
6110184218
422802510
8178380174
8155130204
2904427821
9305449783
6431534792
1679340870
10571861657
1742287629
7178138069
2119082963
2261077681
1138490023
4666942643
294701519
327777823
7545866190
703904480
2238001901
9165526649
1507787510
7103263490
273314918
5963050089
34413398
4917811378
3645725616
3462565265
6807217353
7797532538
7691646977
205542357
9284065927
3614566517
8076061372
336032587
2991743850
566103447
291150524
34349466
2074728578
3654335926
1640117710
7797532538
185711456
296629481
2351955795
4263291180
483008425
211664796
3975783953
1519791093
5379065210
8553790348
227315288
3542587090
1237961135
4539696038
2263489704
3655945166
3896549297
2123163341
5514746024
4280322537
259230748
24708748
2929935136
2336834984
696217905
12340418
3683111188
2516571865
1993022061
2182544597
8027438378
11192545113
3808478928
11104430787
493118657
1741984718
1741984718
1682098745
8466404862
3288247212
1741984718
2079284761
1741984718
1741984718
1741984718
1545289196
8565483834
768640558
7096551111
4957805670
5473639394
5473639394
8297922697
791258147
2182544597
197937738
13090381
374276376
2387936008
1389885897
9520475770
4253300301
262252382
20341420
1378090273
4628359404
1449622516
4555455925
6292118040
4087422620
3580363184
5675313231
10004402450
8952349212
8155130204
11286958226
1802506854
9043654679
581609683
346270004
983137250
476375638
5653543495
4519281907
1614360569
11586009888
4909622
6606521190
3843256660
2014014678
11554963827
11570162576
50326871
11438824789
3502430085
55383350
11420403735
4087505901
214316089
47002530
6059230638
8671085
5948931596
10511203765
1704348748
5913762692
9186455463
3562951100
247716269
8754212545
3205553460
1297117999
1702007461
28430564
179565494
7383813159
229831873
6821670950
2707483834
3235285514
1188188860
11182405669
1093570307
2353385130
4757970528
541132407
8613008730
10496328692
9126423429
8736233657
1793407731
56038121
1386986210
620638698
1646567696
6868050445
5454414516
620638698
9407304559
1077129930
3228198088
1602467954
9187849994
250276315
4572414803
10247828987
9261809899
3164665829
201331582
8316026295
2677373824
8427671571
11358311102
11364309707
5968418524
5893957687
1609239183
8467431252
1679791236
3233762458
2186872023
5657471034
521891677
1453331025
6889091044
5720703571
7992500842
6889091044
260779711
1604789640
260779711
1123358985
1123358985
623909540
5475115103
11382085055
3577093616
8014054062
10692241585
11565227100
453834292
4069495231
7173231780
2102191377
6779399356
3517724663
1732444314
3920478480
207617153
10189778912
11393091868
3713947003
7410634492
5053099983
2031721304
435512874
9139260363
8014809615
2965115765
4837721
7573592058
5489135552
11177124240
7320939332
8590054396
1634128025
7589814303
3984598435
6199883907
4528798202
369707129
2303583406
3711979022
1604015080
9530508414
3603888186
5823453742
286847333
1091472835
5335662824
1696550182
3965775971
34067889
9148035537
5806313467
146022715
1949275886
8551933825
2884750726
9141952688
1297623714
461124403
8537321494
4761366517
10464916357
2940994489
9846768010
10189778912
3682892825
3535438996
3482867949
8383004232
7934077754
3073358039
7692348074
1642789991
2277965395
10724500036
7989098829
4528798202
8464452728
11555347498
10970248240
7589814303
5843464227
11377103593
11452057515
7897410932
458097846
1559814971
11162431649
369707129
815964617
6930986096
360010054
3260504204
11216583518
8014054062
6767031391
2322371275
7537837089
4754669899
8458628823
2018405370
3581600572
24162930
48402496
325620241
10464916357
208614069
4192710178
1530772013
280768956
351660813
603230672
7273543833
9253305974
6621771633
3118125647
11159830213
25576709
2176746141
1163228003
9374730141
1318102535
1557362668
3252373619
10829614843
2264971310
1564041006
5431191454
7630765031
6782669764
11379407306
1519896975
240038534
5731532979
6521919397
8207718039
2202702553
9867949936
7589814303
3073158029
3287125100
1583470093
6518384344
5323791061
213216257
404066155
3656852613
40958226
3984598435
429188447
5806313467
7486271660
195581023
221505357
370660873
5990700684
3236015782
8764042901
9150769694
8577109615
372574388
5513925412
8690430924
6808396366
4528798202
333919774
435863864
10560796015
5915774940
10506935482
8912517355
11391553984
5656828700
1945515893
11581809565
6557449928
935046837
9844947895
8637792329
11132896778
3048967352
7589814303
20086232
11472097103
3252373619
202090879
5431191454
3055875504
11393091868
2948247665
2314747327
145036480
6779399356
4335345812
11554963827
1163228003
8508599955
7888814158
8287872997
8514400265
8590260868
11298313101
8188117463
572425540
5899450118
7142374234
7020061874
1502525494
1823233611
264535112
1405844151
571523145
9401939186
10160888516
5754525476
8075361034
601463739
8506764580
588281974
1933317612
2222894556
1465255533
362656933
37653235
1927266133
10868812705
1927266133
286653897
1927266133
1927266133
3123838549
1927266133
9674428004
1449782161
3031033717
1104264483
7093248100
7093248100
7093248100
7093248100
7093248100
6088049519
3117106870
234939685
11135845664
205523668
7299646191
2910725570
733665188
1379342204
321882169
5817619921
6180021406
1104264483
1104264483
1104264483
1104264483
1547614033
4454648783
262979961
260751659
1454181803
6957211736
6957211736
428725678
6646628068
6957211736
6957211736
261953747
4957780489
6957211736
6957211736
6651159003
4616820356
10429460660
8781170383
7993684627
2045751888
591575086
7993684627
249583273
7993684627
4607576570
6444697934
8247914170
5562211558
9058030369
178594361
5590377469
963076
4540980386
4768238002
186034279
1474863189
2076497546
287048987
7947021119
1939733959
11216583518
6645075146
10680016041
5857913757
10680016041
10104932760
8726323483
8345558887
44804327
1645243962
11350235891
1951923720
4004621022
5931866041
4139659404
7147687795
7436260943
401216285
6858916280
11363654388
468278658
5798553767
2224940592
3622057602
1576178961
10204611505
600051928
8566405485
8566405485
2294874196
8566405485
9304447863
8566405485
2346195856
8563853870
354196640
9030551913
1472764453
4148247518
542490267
8480742889
10028592353
2287736
3726815951
3198008616
2026951403
11229349813
51719917
1207116318
600051928
11293006318
211241867
1532497204
614050342
376046583
11404299920
10803644924
5338751311
5806049668
1967578462
335018299
11424916347
6447159661
2260806141
1934258595
2130820585
6938302142
2255205801
1288690723
3007286980
11412520919
9660684439
8463211076
1706003919
1926184993
291467153
10467543269
11412520919
10882026292
11412520919
29313292
686182903
7465040
1294905806
11416237059
2300649783
11412520919
3097627487
3288546101
4772691896
1343251440
11412520919
8540186383
7706176862
8540186383
600051928
8540186383
11576304713
4096581595
7945545822
8540186383
11412520919
10910119187
5713041362
360042737
8540186383
600051928
360042737
8540186383
11363654388
2477022989
8540186383
11412520919
360042737
8540186383
8302752064
2062344191
1594527275
6088720513
11130440036
5846960297
9294509602
8298746879
1421418662
4026550253
2993445746
1779524874
6370126693
11401645016
7119573388
1594546794
303542593
6370126693
3421964964
452654336
1042001091
6443473760
3032693505
493290948
210113108
1448442695
3599471219
6999111262
8157795920
7604790765
8157795920
6917690598
494660765
4212575773
203392228
175745619
565405332
5319590023
11522677528
176412359
8730993503
6836868297
48227443
1288690723
5467186264
1547573490
1990055
639068228
1592097843
1411734423
1455623560
1642594504
633707716
9261809899
651041679
1628452960
1628452960
344141829
559084614
3081806017
9550426
1521099982
9029197485
11216583518
5846016354
1110317432
10741103102
10741103102
6851424017
1279494357
617763669
196971350
22337015
4868223309
3444929860
6766436380
11163727611
10133485428
10133485428
10741103102
8658462697
277188079
10133485428
10133485428
10133485428
10133485428
5490848420
182778601
5463147398
2045465600
8668999556
484697217
55107799
674782456
4632630862
5918192595
1950884578
10356034581
2277339617
671451476
6286034048
650021814
431678938
11558393224
1536983537
520227259
263209128
1173546406
276625083
290268628
6248554653
497677747
494188281
8519686395
1313235364
44137150
7292082183
104978493
1625438896
8686974379
4400077454
8891117342
322509637
220121661
321882169
1527066028
397180317
8160996788
465354675
10466787398
8927853069
32933574
8927853069
8927853069
8927853069
8927853069
8927853069
8927853069
8927853069
8927853069
10144572240
8927853069
8927853069
8927853069
8927853069
8927853069
3901629168
223076356
10085027411
1088275385
1116156444
1116156444
7276356403
8239068614
1431890853
3322000195
417137516
9491440792
228546710
417233070
6088872946
1448442695
1415777269
1653177581
422802510
8333631560
499837371
499837371
511877033
891970827
505244018
20637034
6837433212
502968591
541227030
3435565507
7178138069
1448760677
294701519